1.0000000
2.0000000
10.000000
11.000000
13.000000
null
null
null
null
null
null
69.584158
2.5881188
9.7493760
0.16730982
0.22430247
0.54138643
1.7757561
0.68936628
1.7133801
2.3088930
0.86435359
2.2902766
3.9361673
0.19973774
0.16105166
0.52083212
1.2588115
2.4035259
2.9532882
3.3621125
0.65149426
4.1708623
0.93656365
1.7935297
0.011289563
3.1068027
0.073725736
0.083293299
0.030733724
0.98032918
0.12790361
5.8445085
0.13789377
4.7861766
7.8124323
0.90620612
0.20775673
0.00026280637
1.5527967
0.021460929
2.1648115
1.1585595
2.3457119
0.47433630
0.82247484
6.7108674
1.0156972
0.053570727
1.6262554
0.027047753
0.88146690
1.9527902
0.077781245
0.070403329
2.4346462
0.37871465
6.9335383
2.3507146
2.1307806
5.1119655
0.038708129
10.312717
0.60286486
0.74239818
4.7620134
7.3404262
0.16914263
1.6986488
0.10793917
0.17564146
2.9887774
1.7256294
0.0078307058
1.0965598e-06
0.13703190
0.012118152
0.00069692705
5.5661008
1.1685106
0.91332213
0.33170113
0.11200184
0.91403410
4.3996334
0.98400295
0.64692218
2.9119964
2.7165693
0.33953240
0.0070685751
0.095320719
0.0037814980
0.010920665
1.9576131
1.5712745
0.40722296
0.072806871
0.19440604
0.023671363
1.3481049
1.8520358
1.1135766
0.030544648
0.00047086412
2.5188266
1.2494372
1.5328634
4.1859655
1.2941995
0.27829145
0.074148001
0.0063525585
0.088246114
0.038724617
0.0023341968
0.071309761
0.029639305
4.5563417
1.3324579
0.00098113730
8.1085735
0.074802408
0.055129472
5.8530084
0.71193917
1.6475082
0.00029140078
0.34882684
1.6512615
3.5190851
0.41113617
0.35295076
0.0010665587
0.00017486232
0.77647864
0.29481984
0.42960805
0.0038168465
4.7553023
0.74709831
0.26082749
0.0011744259
0.64353102
0.040021308
7.9004671
0.25595154
0.26201728
2.7451034
0.0011303415
6.6691062e-05
7.9750584
0.14596562
0.0070459375
0.051368980
0.012822979
0.30625487
0.24263880
0.61187373
0.49558152
0.0040152077
0.44571543
0.0039662116
6.5651496
0.38074054
0.00027955387
0.098564230
0.15950141
0.38475718
0.19399655
8.1635531
0.00059940442
0.33508088
0.050615001
0.69359443
0.00088521591
1.3524870e-06
0.34304845
8.1678720
1.2437441
0.037556732
2.0069144
0.019398876
0.0017811003
0.37295493
0.0000000
0.0062608227
5.1223127
5.7035963
0.54935381
0.040606485
0.0014308290
4.9709480
1.2491708
0.21885852
2.4231663
8.5831583
0.57770704
0.0080305484
0.068938262
8.8052808e-05
0.0036974525
0.047843412
0.0033327833
0.42016806
3.7407336e-07
1.1074655e-05
7.6961439
0.0018917726
1.2595247
5.8797866e-05
0.0036446412
0.0042393809
0.00025045238
0.74699993
0.074044849
0.16210356
1.8364315
6.0731414
0.0087162851
0.060098708
0.0016744659
0.0080681839
2.3588635
2.0913909
0.14409316
0.057173418
0.26097541
0.28845000
0.00085171780
0.0011470613
1.4764245
0.17963304
0.00084756302
0.0057839476
0.59661443
1.2783871
0.0046498626
0.013800309
4.8373250
2.1519923e-05
1.1389746
1.9544734e-07
0.65342301
0.010550398
1.2902562
0.00032705576
0.031098337
0.70824201
7.6637849e-05
2.9122865
0.00019098381
7.7080935
2.2225775
0.00030244620
0.0073109699
0.037755293
0.00020805921
0.13698781
0.0015324441
0.0042039881
0.20864097
0.16870361
0.015098636
0.40943521
0.0020500281
0.27434627
0.031311492
0.00042278545
0.0014435173
1.3339293
0.00022138442
1.4785703e-07
3.4119201e-06
4.2157750e-05
0.0019316044
0.00014075905
1.2095838
0.18561462
0.15956638
0.0010976845
0.0000000
0.010045889
5.7250851e-10
0.69590261
0.00049754845
0.019618173
0.0000000
0.0022436585
1.6491000e-05
0.00015046724
0.0011651552
1.2208227
0.00012541621
0.80820517
4.1717537
0.00049703868
0.020589533
1.0301335
7.7195044e-06
4.3170947
0.038093064
0.14110569
0.016113390
5.3216301e-05
9.5839656e-07
1.7984864
1.1409011e-05
0.078524988
3.7906736e-05
0.16730943
0.094746416
6.5616227
3.9412429
0.50727750
1.3583522
8.0932798e-05
0.00052467635
0.0014540993
0.0000000
0.027941724
0.60962996
0.048543477
0.00075234140
8.1892291
9.7870466e-05
9.0493307e-05
0.020741490
0.0028923623
0.0015694505
2.2749503
0.012378863
0.0013423812
9.1876904e-05
0.0057101328
0.0023253366
5.6649981e-05
1.8028169e-05
0.00020006979
3.7784001
0.0000000
0.0034886971
7.4819884e-05
0.21360986
1.4536934e-07
0.0021702049
0.00050341576
0.0014613365
0.00057185006
0.78693165
0.47186080
0.20120353
0.49125025
7.4839956e-05
0.00053436299
5.7765691e-05
0.095133532
0.052525953
0.019665365
5.5213674e-05
0.46359492
0.22621237
9.4468862
0.054659036
1.9521892
0.0047051705
3.2886554e-05
3.4585400e-05
0.0010437552
0.0051309337
0.00040019813
0.044626178
0.047559902
0.012868718
0.73928112
0.030242631
0.32106292
0.0099601623
0.0000000
0.0000000
0.0046080878
0.40435948
0.014879744
0.0011094016
0.0000000
1.5783329e-06
0.17811821
0.045016959
0.0028870306
0.0000000
0.0000000
0.0047075258
7.7965875e-07
0.0038504357
0.68242087
0.027118665
5.3095652e-10
0.0017510279
0.056469720
0.00047041976
0.13306914
0.016455543
0.00032614946
0.0000000
0.00044020820
0.00013090951
4.9871195e-07
0.00021975141
1.5259408
0.013122429
0.035665076
0.0000000
7.8569931e-05
0.017477905
0.86957462
2.9088748e-07
0.0014166136
0.023432214
0.00012100535
2.9798043e-08
0.00013150273
1.0999381
1.9254550e-06
1.4247425e-05
0.014224742
0.0000000
0.34252942
1.1651638e-05
0.00011609242
7.7199429e-05
0.00026789316
0.19299917
0.0023540970
1.7979239
0.00066630134
0.079572384
3.8408023e-07
5.7811558
1.2389235
1.2454877e-05
0.087105203
0.072741218
0.093470591
2.0788529e-05
2.0589112e-05
1.7207837e-05
0.052057013
0.25241627
0.0014688358
0.0018418681
0.0024893946
0.0016212780
2.5219585e-05
1.4864958e-05
0.081034817
3.9620084e-07
3.0225368e-05
4.5117417e-05
0.072931669
1.2570988e-06
3.1395400e-05
0.017587944
8.2892316e-06
0.079643258
2.9562657e-06
0.00023899493
0.015327657
9.0116554e-13
0.0000000
0.0014493765
0.0022725478
0.44480892
0.0000000
0.043364658
0.17273391
0.010976921
0.0000000
2.9439974e-05
0.00037728820
0.073471775
0.0090415167
0.095054715
2.6532114e-05
0.0067334504
0.014795699
0.16532225
0.0040635523
1.9007361e-06
0.00028681641
0.0073839728
9.6523250e-07
0.0000000
5.1450172
6.6456734
0.069338599
0.00065929942
0.30021921
0.00013397501
0.036729203
6.5035133
1.2968133e-07
1.3408833
0.097856400
0.0024544807
0.00018293540
0.0094937612
2.7415658e-06
0.27762698
0.00098851325
0.00017366375
9.5607997e-05
5.0385752e-09
0.00020914403
0.88468156
6.1001297e-09
0.0015074277
7.9888130e-09
0.096608849
0.0000000
0.053212144
1.6920696e-06
0.0000000
0.0013346850
9.1900292e-07
2.6050942e-06
2.9605009e-06
0.0062790781
0.0012702295
1.2331816
0.0011875439
0.13389492
0.038597804
0.0026408239
0.17451104
1.5840601e-06
0.032361408
2.2977725e-07
0.0048127018
0.0052495847
0.00015576129
0.0039427551
4.1087868e-06
7.6099782e-05
5.4029024e-06
0.0080273335
7.7320910e-09
2.5560496e-05
0.29323693
0.0038349195
3.7622826e-08
0.19367883
0.016043453
0.0026144530
0.0000000
0.044087339
0.16899237
0.0020074427
0.0028435828
0.015370966
2.0797244e-08
3.9408261e-07
0.45390602
1.3828870e-06
0.0091993979
1.8149976e-05
1.0287215e-06
0.00039515494
3.3004804e-09
4.0014817e-06
0.018351254
5.5223928e-07
0.0047136227
1.8805337
0.023179643
0.0000000
0.0000000
2.4555901e-05
2.9398003e-08
0.021307469
0.0000000
0.00083406433
0.0000000
4.3680220e-06
0.019013549
2.6354607e-06
0.19309675
6.0784664e-08
0.00035304045
1.0306432e-05
0.021706057
0.0015110802
3.0723496e-09
0.0000000
0.26218263
0.0000000
5.9916354e-06
0.011316336
0.070408885
1.0999357e-11
6.7497142e-12
0.049599368
0.0043432693
7.8932208e-09
0.00083508580
1.4948205e-05
0.0068351114
7.8237368e-05
0.043406981
7.8229220e-07
0.012448796
0.034177038
0.0000000
0.0044852906
1.1046475e-07
0.079064725
2.7163070e-06
5.0220964e-06
0.0000000
0.00047053489
0.00025674454
0.00092020408
0.00012714269
9.7939630e-05
0.0000000
0.86612485
0.0000000
0.00025414828
7.0787255e-05
3.0087645e-08
0.0010075260
1.0827752e-06
0.0020842005
0.60748470
4.0837672e-07
0.15740592
1.4496019e-06
0.0073522348
8.4644433e-09
0.00035188917
0.00068150807
5.1766205e-05
0.23862262
1.2412719e-05
3.3913292e-10
0.0043931500
0.024809085
0.00094769271
2.2177588e-08
7.5748876e-05
0.00084727311
2.9254135e-06
0.0046991160
0.00098337505
0.0000000
6.9695702
2.9383049e-05
1.9170067e-05
4.1855637e-05
3.7728407e-09
5.9426112e-08
0.13055628
0.00015098156
5.7326925e-10
9.0609725e-07
0.00080359953
2.9992474e-06
7.7923142e-07
0.014094546
0.10488529
1.3692649e-05
9.1225195e-05
0.37957086
4.0055008e-07
0.97809908
4.5277692e-10
2.5911915
0.042034366
0.0000000
3.6645981e-09
8.9209966e-06
0.16717436
9.1337303e-08
1.1542936
1.1135644
4.9460767e-08
0.066058894
6.6148163e-06
4.0434977e-07
0.00024856327
1.2945224e-09
0.00012375678
0.0000000
1.5430889e-06
0.0041964006
0.00043641436
2.5873879e-05
4.1387381e-05
0.00024994466
0.26109695
0.0027082017
1.1734767e-05
4.6234502
1.0622301e-09
0.0000000
7.4122620e-08
0.0000000
1.5836339e-05
1.9507300e-06
0.00036895328
2.7807593e-06
8.8641918e-09
0.00014736741
0.75176549
0.0011155701
8.4597071e-08
0.36541316
0.00058686116
0.0000000
0.24591540
0.0000000
1.5064024e-09
5.2968045e-17
0.049296418
1.1650294e-14
0.049988624
1.3026192e-05
6.3661579e-09
0.10735930
2.5912457e-05
9.6652841e-06
0.0000000
0.0000000
4.9347212e-10
1.0377814e-06
0.0025181359
1.1057976e-06
0.0000000
3.7900378e-05
0.010863146
0.17898470
1.2134106e-09
0.0000000
1.5703964e-05
8.5286147e-16
0.050799381
2.1521504e-10
0.00038731641
7.2877866e-11
1.7697586e-08
0.61928599
4.4988635e-08
3.9983512e-08
2.9022670e-06
0.0073878959
1.2148866e-05
1.9356040e-15
4.1097838e-07
Infinity
0.0000000
0.37233633
0.00062728599
9.8936211e-06
1.1654608e-08
1.4996874e-08
0.011747725
2.6480705e-05
3.9824341e-07
0.0014341267
0.00044180625
0.0000000
0.051970136
0.0000000
0.0000000
0.0000000
0.0000000
2.4441450e-07
1.0123728e-07
5.3864057e-12
9.1968400e-08
2.4521937e-06
4.9040431e-09
4.1375468e-07
0.00044248034
4.6000387e-06
0.44634763
0.042522018
6.7074626e-09
0.0000000
2.7652887e-07
Infinity
0.00017906707
1.1443533e-10
0.00012628553
0.0000000
0.13764411
0.029709989
3.7908066e-07
0.00015810596
0.0028442322
5.1711871e-08
1.8705988e-16
0.00046890435
2.3481673e-06
0.0000000
0.21858505
0.079390081
2.8076936e-05
5.7575188e-08
1.5179298e-05
2.0622357e-05
2.7690818e-11
2.1245143e-09
3.1372121e-11
4.8672680e-07
2.3467492e-05
1.6365951e-08
1.5220572e-05
0.00045195950
4.6010281e-05
0.031444361
6.1961629e-07
1.8653450e-09
8.6156832e-06
0.0067675857
0.0055094215
1.2073908e-06
0.0000000
2.3439523e-05
0.0029849261
0.0000000
Infinity
1.8426679e-07
1.8175053e-07
8.9049266e-07
7.8811508e-07
2.5065001e-06
0.0000000
3.2296127e-10
0.011061981
0.0000000
1.1700315e-08
5.8761577e-13
1.0850064e-07
5.3149811e-11
1.7907536e-12
0.16435789
7.8005105e-07
1.3085932e-07
2.7714756e-07
3.0833080e-12
6.2978449e-07
0.0000000
0.0000000
0.00041113621
7.7970768e-05
1.6014341e-10
0.0023978526
7.4213377e-07
0.0000000
9.4133640e-08
0.0000000
0.28406419
0.0021961159
0.0000000
0.00029035969
1.2044664e-05
0.0000000
1.9791445e-06
0.0000000
1.5066020e-07
0.033308783
0.0000000
3.6558520e-07
2.4881537e-06
0.017360789
5.6764034e-05
1.0301986e-06
6.8081045e-09
2.2551793e-07
5.5817975e-05
2.3063769e-06
0.0000000
0.00016370708
1.7197449e-05
1.8710615e-05
1.0701145e-09
2.4366342e-08
6.6566727e-05
7.2302906e-09
1.7707035e-07
0.0014275141
1.4011249e-05
3.9966858e-10
1.0123238e-05
8.3530804e-06
1.8434492
0.00025620026
3.5331044e-07
0.00037599340
0.0000000
1.1793735e-07
6.0147355e-05
0.0000000
1.2085650e-06
1.1746805e-06
6.0854593e-06
2.9145873e-05
3.0673853e-05
2.1291092e-10
1.5961242e-06
6.6200968e-06
1.2515204e-05
2.5507459e-08
1.1187755
4.0005222
5.4270793e-10
1.4530896e-09
0.0000000
1.7435592e-16
0.0000000
1.6476256
0.017912007
1.1839728e-05
6.2590873e-16
3.5670898e-10
0.00010884997
0.0046405333
0.00026922885
1.2286239e-10
0.0000000
0.11645499
0.0000000
2.7808735e-12
5.3226982e-07
7.0084170e-11
0.0030689598
1.3946706e-11
1.7324818e-05
0.024259771
6.8804836e-05
2.0125742e-11
0.37998785
0.13109353
1.0297244e-10
0.0000000
1.6625513e-07
8.5215523e-13
8.5191499e-05
5.3314579e-05
3.0508772e-06
1.8416768e-09
0.00033942214
1.1379442e-05
0.0000000
3.5601246e-06
4.3378917e-09
6.0827949e-05
0.0000000
1.1222451e-05
0.0041319282
2.0240091e-11
0.00021875239
2.8062708e-05
4.9886595e-11
0.00015564165
6.7100068e-06
0.0025069955
6.8383154e-05
0.0000000
7.9378307e-06
1.6326305e-13
0.0010766423
7.2339145e-09
4.9889269e-09
2.1568487e-12
6.1619031e-08
0.0000000
5.8469890e-08
3.6292888e-10
7.3403588e-08
3.9312516e-11
1.2327822e-08
0.0000000
0.0000000
3.2811837e-05
0.038862904
0.0015991176
0.00088854595
5.9351709e-10
1.3467737e-06
0.034450742
0.0010560315
0.0056458015
1.5844588e-07
0.0015316356
0.0000000
3.2267131e-05
4.1604401e-11
6.8177480
8.9384708
6.7935631
-1.0416113
1.3836931
4.5768882
-1.8745274
7.1998683
2.1438836
1.3900507
2.2197667
1.9928141
2.1292009
1.9849452
-7.5337105
1.7267746
1.5517888
-1.7524056
-3.0872416
-3.1231945
-8.9433000
1.6188321
6.2413414
1.2678819
8.4396977
-1.3437302
-1.0869326
-3.8372587
-1.5218509
7.6142445
4.9547240
3.1472605
-7.4669235
1.7811889
-2.5915249
-1.7058089
1.3802950
-4.5802861
-5.4188415
-4.0964700
-1.5518123
3.8374260
2.0346883
1.9980322
1.5820269
-4.9806102
-1.0203434
4.6593479
1.5540684
9.4612582
-6.3208895
2.6979441
-4.1648019
-9.6473521
3.4499520
-5.7153969
-2.4209678
-3.4769628
-4.8324058
-5.8456752
1.4214182
-8.4652277
2.1629612
4.6323084
2.3707981
-4.0476647
3.2220562
3.1682083
-5.3555345
-10.378571
1.6000916
-1.5831247
4.1545311
-1.1983263
9.9081107
-7.3237532
-3.5452953
-4.3876843
3.4109891
-3.1627154
-0.077778035
-3.5555908
4.1940797
1.5818063
5.2688156
-5.4607536
-2.0119527
3.6612938
-7.1107170
-1.6876802
-4.8788043
1.6411487
9.7154053
1.1043665
10.099858
1.2624335
2.9387844
-4.1584720
8.7584315
0.14110061
2.9014665
-2.4142071
-4.4568568
3.9867680
2.1714019
2.7565728
1.2095320
-0.60610891
-8.0079984
2.5076608
-3.8627127
1.6850489
-5.8331993
1.4445658
-5.5312362
-1.2103693
1.6677210
-2.6419237
-1.2815524
6.7538693
-9.1422463
-5.7951869
-7.6101734
9.6189256
1.1383173
8.2678665
1.1287825
-3.4377494
-9.4972507
1.6695610
6.9705482
7.0535016
5.6071270
3.8028454
-3.6540430
-2.1498225
-7.6798383
-1.6001418
-7.7582756
-4.5182793
2.6025008
-9.2945340
5.4969782
-5.8495032
6.0526824
-1.0107938
-6.0174532
2.2291956
1.9795709
-6.8714265
7.2795370
10.760967
-2.0761213
-7.1497223
-5.6283953
-5.3981608
-4.4768168
-0.013489686
2.8633504
1.4895431
-1.7349431
-9.3809480
-2.7623897
1.0284042
-7.7402807
-3.6564428
-6.2764382
1.5544055
-12.778512
3.2740389
2.7626220
-2.7952487
-2.6016513
-5.1539170
-1.0262716
4.3733136
4.6959599
5.7584436
-2.5743920
8.9697610
7.5236959
1.1525782
-1.3682978
3.3004670
-7.4969137
3.7768640
-10.052691
-8.5482259
4.4831106
-4.1817848
-2.3020214
-7.3629720
-1.8571032
-15.086188
-7.6973888
-5.5562151
-1.6221427
-10.980127
6.7991239
5.7263222
12.973052
-1.0271072
-1.5922225
-1.8774485
-3.5270680
-2.0480005
-1.3655477
10.665534
-1.4864990
-3.8441629
7.4796481
-7.4252562
-9.1796989
2.2889374
-13.793999
4.2642543
-1.5092450
-6.5493240
3.5706535
-2.7515322
-7.0538881
1.2269532
1.7336905
-6.8575349
8.1034873
-1.5396819
9.6555916
-1.0874264
1.1803480
1.2505294
-1.0875215
-1.7146985
0.69632068
-9.1401205
8.0766220
8.3045886
6.4785736
1.4113659
2.2355656
9.5473617
-3.2753091
4.3855466
6.3224359
-1.5748894
-5.8357155
1.1508024
-0.88273215
-4.5728853
-1.9183350
-1.1115323
2.6224643
-2.2471386
-3.8420277
-1.5430703
-6.9919626
7.6702096
-9.3675343
1.2764491
-4.5197382
1.3906150
-1.8360903
-2.1372847
-3.3195119
-6.6425806
-5.2303401
8.1665779
2.2216367
4.4125815
-6.5726009
-5.3667064
6.3897319
1.6466052
7.6942159
7.1039503
-5.2803127
-5.0238459
-8.3407173
-2.1711996
9.9257070
6.4292424
-1.1848786
-5.4884866
9.3261457
7.7884474
-4.4848993
-1.7936917
0.027968129
-4.9668389
0.57664510
-10.790084
4.3822188
-2.4065812
19.381716
11.271932
1.2281527
16.025591
-7.2524191
2.5414018
-22.403080
1.5355849
-0.57118729
-4.3983843
-9.9771254
-1.9216431
2.1209983
3.6403701
1.3940787
3.3428379
-3.0930890
-8.4534746
8.4732103
-7.1510633
3.9906782
-0.99836439
-22.613735
-1.1305856
-1.8018483
-10.670996
-7.2016580
-8.4769334
5.5457999
6.7313673
-6.8280501
6.0456038
-6.1761190
1.5501422
2.1526106
-1.0330379
1.5827074
-1.9872628
3.5404944
-2.6441104
-7.7609784
2.6645309
-1.7965512
-2.6915464
-2.4156033
-1.2725643
-10.587858
2.9768064
6.8231351
-1.4543056
-7.6624150
3.7620505
-3.2023702
5.5073866
-4.9251272
-0.96785596
-8.0214210
36.737703
3.5458421
4.1180946
-63.978909
1.9344796
-0.55987557
5.1104526
5.2636081
2.2611048
8.4895482
-3.0852043
3.9583816
1.5798753
-0.72078813
-4.0844104
2.0276780
1.1321449
-1.5859122
2.4297188
8.8124723
-5.1381953
2.5173061
-1.9795000
1.2090713
1.0623556
1.2563024
-4.1649771
-1.1692019
3.9338413
-3.5217978
4.2741013
-1.2585844
2.2191432
3.0338810
0.95255112
3.5020503
12.521315
3.0679030
-4.6457618
-4.3473300
-5.4601516
1.8831863
7.6082138
-1.2595429
2.0201722
-8.4733565
-2.2880407
-2.2296847
1.7883174
4.3921332
1.0566812
-10.307657
-2.0874092
-2.4816755
6.5149277
1.9283671
9.4762013
4.5704234
-5.5793821
-0.78553615
1.9210968
-1.9804065
3.3098413
9.9691371
-2.7628819
0.95523055
11.222148
9.8917467
-4.0836495
-2.0065690
-0.15281118
-8.2410602
-0.025063890
-9.5565639
-6.3620625
2.3669711
-0.69461395
-10.868219
3.8303611
-2.3303029
-6.7440067
2.0984649
8.5189409
1.4657866
-2.6238742
-2.1626044
5.1032178
-8.2182583
-4.4386619
3.1772903
12.259376
4.2911261
7.8481632
0.62995168
-2.3603167
0.90720027
0.082016759
4.3146083
-11.093760
4.1573113
2.9947001
1.2532807
-0.54194536
-5.4560259
7.1470841
-10.653825
-15.900494
-2.8716802
10.737573
3.7452393
-2.4139743
-10.025960
7.5501591
-3.4272294
1.5894207
1.9903068
6.1224549
2.9174321
-5.9651345
5.7627215
-4.0431698
-7.1176913
7.2827632
-1.3751868
0.26093662
-9.5675885
2.1124253
1.5472274
-7.2782706
3.8568827
7.4123401
3.5885753
-15.624954
-8.0826292
15.965407
-6.7156652
-9.7175598
-13.430267
3.3214787
-0.68164925
7.9447424
-1.3619493
-6.6149638
0.93933734
-0.97075803
-1.3116119
-3.7268101
12.481488
7.9539783
1.4900031
-5.4367958
-24.125724
1.5714648
-1.0291616
-1.6560857
-2.9761914
-8.3915559
-0.50315004
1.9806061
-4.4973051
-15.376329
4.0123146
7.5891650
8.4641068
-2.1787130
8.6693237
-2.0873451
5.3390663
-8.8816553
1.5291573
0.37454545
1.0610690
2.3932909
-6.8219502
-8.8591940
-5.2317526
0.64453130
10.353374
-2.5108699
4.0498363
-13.711813
-11.143480
1.1489040
-8.3175066
7.0714050
-3.8030365
-3.7428311
1.3483920
-4.0097813
3.0276357
-3.5777763
-7.5970776
3.6822913
-2.4258023
-2.5503054
-23.139197
22.255292
-15.632461
-5.9191703
-3.5189196
-7.9781378
4.0427707
1.5420517
-3.7371034
-41.022892
-2.3840574
-3.4413266
-2.8879089
7.9157627
3.3041520
-2.2023120
4.3518572
-0.48227585
1.9246810
2.2094666
10.370626
23.272899
-6.9537176
-2.1579395
9.6185203
5.1068364
-5.0895332
2.0827347
-5.5974216
7.0116938
10.337989
535.89447
-3.0928809
-6.3468853
-2.7351785
-3.4863031
1.5633172
-9.2186276
-22.975046
1.8588961
8.5713088
-5.7882620
1.2816528
2.5985077
-14.956627
2.8468097
-8.7932534
1.1890458
-1.2872305
4.6867559
-8.3384340
-17.650751
-7.0346441
-2.7953145
-5.6143713
-2.5541884
-3.6840940
49.451937
0.081505663
2.0859907
-9.1664459
-10.288096
155.57763
2.3372089
-3.1296934
-9.8889411
-9.4092616
1.3205468
-3.0629792
2.3583244
-18.154742
-0.22779166
1.3171206
1.8049120
2.7099924
-1.7088305
6.6187632
8.5326641
-5.9910119
-4.5470455
-5.2926238
66.520749
0.31854458
-6.4243612
2.1382558
-1.1695587
179.25731
-1.2041558
1.1301822
-7.6473051
-1.2009656
0.55134891
-1.2884530
15.115362
-2.3142592
6.6706105
3.7589643
-0.18348683
168.07954
-0.77476014
6.6908270
-5.1132791
2.6807490
-8.2917083
7.4514197
-1.2364693
7.8993535
-0.28865536
5.8125493
1.3146845
-1.2336638
6.5143347
5.6383889
6.9147412
-5.4481708
0.34727694
41.016466
4.8062229
-22.460048
-1.0385206
9.6964157
3.4660936
0.66105436
0.35083883
-2.0736525
6.5232927
-9.8589503
3.8651739
-3.7828281
8.2675737
-0.73474849
-4.5557072
-2.7898696
-23.823379
-0.95728382
10.242571
0.92796603
-3.0727614
-6.2762651
-2.8626305
-13.081511
3.1587547
30.762445
-1.8055968
20.650788
-8.5864348
36.128450
-2.9888086
-4.7195703
8.0221378
-0.91350740
-1.6100934
24.053001
2.7722522
-1.5137706
20.400260
0.61934211
4.2263809
88.459972
-16.076591
7.6198295
-2.1608817
9.7510849
-0.20628600
-0.25223414
12.060828
1.0923829
2.3094649
-3.2949170
10.891275
0.90839300
-47.673506
-4.6007622
7.1045559
1.6960686
-10.382187
-126.71728
-7.7690768
-140.76935
-12.238577
2.4187974
-3.5280658
-1.2525366
10.696489
-4.9584581
0.97562684
6.2904694
3.3975405
0.14563088
-7.7327051
-0.48090053
-2.7347762
-36.122486
5.9940015
-6.4807266
14.111606
12.806058
2.8346114
-1.9367469
-3.6478794
-1.2174360
1.5411602
-11.181001
0.35693897
-2.9407296
38.936173
27.564752
1.4407453
0.57376223
-9.3392622
3.5505942
8.7733740
-4.6438080
15.935838
3.5247746
18.812375
11.180513
23.863734
-1.0735789
3.7866919
1.9160635
0.56021426
2.2250441
1.0624558
7.2485201
-2.8078696
-1.7813952
-8.9422917
14.488697
-0.44494381
1.4042961
7.1439362
10.386311
-0.54617026
2.1958269
-1.7244205
-9.5534663
-2.6857795
3.8062027
-1.7794912
-1.1115441
-2.8948935
2.1806019
-1.6098715
0.48131455
-0.75911819
13.660328
2.2296722
-6.7008524
-5.3850108
-6.1965200
13.674201
5.0783036
5.5282027
4.5281046
-3.2122590
19.961337
-6.6799120
0.27569181
2.5659659
-0.91897399
3.8215007
-4.8861038
2.5458151
31.100409
-4.8735472
6.0453791
1.6276864
0.43398138
9.4224491
3.9343137
5.2124110
3.6854283
2.0025491
-2.1985867
-2.5423077
10.179851
6.4978021
-0.98589820
1.3183583
9.9623903
9.0198950
-4.6642037
0.59646804
1.2359747
2.4909901
-6.1327289
0.86338255
0.82842297
-3.4608988
-11.761857
2.4222231
1.5205482
5.4277418
1.0452385
8.4123301
5.8719189
13.692236
4.9434698
-1.4815893
-10.221042
4.1360123
0.26985206
-5.6930819
-10.812993
-130.42656
-6.1451676
0.83779080
-5.8210867
3.1177325
-1.4443958
17.739384
5.3878106
9.1766635
4.7204292
57.935767
-6.5725816
-0.68580140
34.197459
-6.8623205
-4.4151296
10.218898
0.28235176
-1.2662730
1.6714431
-13.561893
34.655593
-3.1167036
-3.5357684
-10.149909
32.897845
-6.9737194
1.3559071
1.7320710
1.9841491
-1.7556226
5.7225025
8.8290784
6.8881916
52.377430
-4.7065326
1.9400623
-7.3157915
5.4032640
-0.86744911
-4.1303634
-0.81610295
-9.8701318
1.4962292
-1.7933064
2.3637253
4.0217634
3.5157021
4.2105583
-3.4537308
-5.5054776
-5.2042420
1.5022849
-2.8517382
5.1183771
1.3721706
18.087092
3.6161733
-5.0758703
-1.6201486
31.252469
5.6806655
-2.3649325
6.1604513
-8.4327133
4.6956952
-0.82872794
6.4013836
-4.7666768
-5.1470285
5.3612803
-0.088087174
-0.88828349
9.6029829
-28.512420
-2.8403070
-0.10832112
4.2116722
6.8141431
-4.5667174
6.1889847
-1.0488527
0.20548181
-3.9946589
0.92171210
14.664758
-6.7353436
0.36759169
13.808636
-3.4398383
-6.3469301
-21.522103
-1.9547087
3.9087149
-7.0024984
-2.1090498
14.313575
-0.038491154
4.2425952
2.4820866
-2.1016368
12.841094
7.0358069
11.499810
-1.1665673
9.6236585
0.20656615
-1.5510541
-4.3656825
1.1750917
-1.1065008
-0.039617720
-14.268406
-3.8668349
18.217247
-12.076357
-1.5643258
2.2433312
4.7383505
1.2688436
0.66199855
-5.1361104
-1.1552385
2.6767471
-7.7922288
1.3406649
5.4112763
7.1643366
-5.4538347
-1.1259708
-6.3894132
-6.5169538
-0.056958591
2.3441559
2.1471672
-11.855089
5.1695259
19.380475
-3.6620969
-1.2445844
4.8667661
0.31065912
-9.2998424
17.299270
-2.6365302
-0.40243870
-9.7433280
2.8102023
6.0010737
1.9328053
-6.5516104
3.3816468
8.4986250
4.5262000
1.6053824
1.6880096
-8.4450539
-1.7909365
-1.0128010
-8.7535869
1.9989159
4.2515816
-0.42053397
5.8870542
-2.3853665
7.7932770
1.6563400
1.8012962
1.3115778
6.9728248
9.0169063
6.0645418
2.3901916
4.3034262
-1.5603436
1.0730791
6.6201907
-3.7952768
1.8055419
5.7950058
-4.4689695
5.6412485
-9.8553961
-9.8750907
1.0305785
6.2132541
-1.8701937
1.7516417
-3.1815244
-1.3828102
-1.5449626
-4.1378803
6.1077057
8.4303272
-1.6152849
-2.1048498
1.8508701
-4.9069188
-1.1560498
-8.5752358
-2.3029657
-9.7957790
-8.3206963
1.7785565
-3.8303747
4.1976659
4.1964560
6.3883707
2.5544150
-1.3095402
-4.7412469
-3.6090459
1.2031648
8.9422688
-3.3175821
-1.3423340
2.2452999
-2.1193195
8.2712769
1.3266351
-8.7382828
8.9268703
-9.7362220
-3.7730080
0.59713429
-3.1397401
-1.6311387
-1.0839700
1.4009213
-2.1023145
4.4908567
5.0198318
4.5372054
-3.1540914
6.9739474
8.4305652
3.3932186
6.6360406
-1.5059224
1.8614016
3.1099051
3.3045732
1.2422189
1.9244810
6.4124406
-4.0106091
4.4712410
6.9396439
-2.6981797
-1.6368431
2.7562230
4.3629786
3.8941276
-4.9379440
-1.0606805
0.52397382
-0.69040192
-4.0568865
-5.4737557
-1.7352709
3.3356041
-1.2806809
5.0326737
-1.2341626
-5.4686685
-8.8798005
-3.2205298
-4.0441376
-1.4732044
3.3795453
-3.8513661
-0.89946323
1.1257993
7.7737112
7.5210990
3.3656194
4.5795024
4.2543349
-2.4969566
-9.5531925
-5.2922449
3.8077347
4.5749278
-3.8077403
2.2929847
-2.6759294
-6.7223456
-8.8603151
-9.8368397
-1.5239523
8.4434330
-2.2264805
-0.12062193
2.8007864
-7.1630579
3.8080180
-8.7669469
-1.6793300
1.8434613
8.9776581
-5.7924233
8.6928111
1.1769277
3.8987984
4.8235446
5.1594751
-3.0076174
2.9413036
-7.4674596
-9.7278723
4.5174896
-1.7168684
1.1940990
9.4511349
1.1072461
-3.1906348
-0.31593024
3.3140473
7.6252686
-8.8763602
5.7077862
9.5259565
-1.1968871
2.3680604
-9.5072180
-4.2418224
1.9992973
8.4772879
5.2341465
5.3595135
7.5167979
2.3636732
-2.5538924
-8.2521994
1.3890937
-1.8510024
-1.5895974
2.0212313
-1.2447582
-1.5203385
5.1682287
3.0178271
3.1850790
-7.9969222
-3.1345158
-9.9198588
1.8184568
6.0197745
-4.8909916
-6.7754506
6.7221729
-3.7185625
-1.7348427
3.9984899
-1.0026855
-9.1714680
7.5315928
-1.2396087
7.0804585
1.3648803
8.8306190
-2.3399809
1.1275315
5.3885437
-0.56384753
2.2497117
-3.5941683
-6.1016071
-8.3524894
1.0627405
-4.3109016
-2.1351778
1.4561910
-7.3515611
-6.7172168
9.4060631
-1.8166422
-6.7070224
-7.0497702
-2.3466954
-2.4276174
7.4561613
1.9540135
5.6354013
3.7642313
1.7079073
8.0868189
0.91606587
2.3498807
-1.8628782
-6.4330041
1.2541051
8.1198141
-1.1881561
1.3361129
-9.8022149
1.0812733
2.9636069
-2.2985172
-3.6378860
-1.8556340
3.5042608
-1.7873037
9.8546868
-6.3235422
-9.2424756
-1.2078481
0.57399941
-1.6447726
2.6613900
-6.5164778
7.7429697
-2.8970444
1.8825883
-2.0490816
-0.63888736
9.4221432
-5.7117088
7.7313669
-7.7730720
-4.8289385
1.2778228
1.8676407
2.3920187
2.3815388
-3.0227584
-5.1328585
-1.1531943
1.2592468
-4.8887307
3.3517297
-9.9268755
-0.88596409
-4.8453711
1.2082396
-0.67760162
-1.7983667
-5.1654747
2.3289268
6.0790534
-4.5052956
-1.1016388
-6.7954932
-4.9113430
1.8656449
0.18660635
1.5062197
-7.5263832
3.3681201
-1.3925172
-1.0719294
-3.2381109
2.7472053
3.3345567
-6.6555953
-2.2681535
-7.2820171
1.2378388
8.7333885
-9.5267453
7.0771135
-1.5760393
-2.4191783
1.0898501
3.7572279
-7.3338520
1.7461827
-1.5796285
-5.9645319
4.7170981
-3.0097422
-1.3038632
7.3182351
2.7032431
3.2152779
-1.0794184
-7.1048177
-0.17896634
0.36480907
-2.4410659
3.6383907
1.7873804
-3.6087720
-6.9841158
7.2446742
-3.2738909
-1.6242759
9.3909979
5.9534380
8.0839303
-8.0949377
1.2527668
-3.4830205
-1.0546878
-1.0379155
7.3509203
3.2957271
2.4140868
3.8980146
1.6999770
6.1630590
-1.3006567
1.9057005
-8.6125521
-4.9343903
6.3489075
-4.5356911
0.19943103
-6.6162624
-0.54954025
5.2745797
-1.9412277
-9.8092323
1.0766775
-3.8440401
3.5532474
-6.8967822
1.1455154
-3.6510437
6.5259594
-3.8384729
9.7913174
1.7104421
7.3411975
-1.0874163
0.88144159
4.4539136
2.8142614
-1.3664781
-1.0447238
1.1048859
5.7718378
5.8643854
-1.0496125
-2.8812382
-7.2762153
-7.2947010
1.4531179
5.4099996
6.0434288
0.82169747
-4.4945798
-1.8870338
-8.0262694
3.0618931
-9.0455008
5.5588455
-9.0293797
-1.4029192
3.7824719
6.9686157
-9.2323294
-5.9263546
0.79680287
-1.8229828
-7.0913015
5.2855329
1.0600473
5.2587815
1.2063906
-4.2592835
2.7750373
2.2024275
2.0352113
1.2945429
6.7241334
1.0429098
1.7528454
2.9841696
8.2143918
-3.4915848
1.4257440
-2.8569845
1.9138255
-8.6694904
1.6627294
-6.0813340
9.3242395
-6.8956506
-8.2899507
4.4350062
8.3422495
5.7303638
4.1090388
-6.1336112
3.6510698
-7.0038883
9.5030374
-7.5719382
3.0887640
-5.0376247
-5.8735062
-3.9990889
9.0788177
-2.5726621
4.8837536
-5.9149456
-1.4470542
-1.0273657
-1.5998246
1.0374601
2.6718022
2.5831103
8.2297359
4.5836727
8.2546088
9.4244215
-1.2484965
-4.4924522
-2.4260833
2.2299784
-1.5019487
1.7174586
0.40291739
1.1625529
-1.9961830
-6.9265456
-1.6059369
-4.9389253
-1.7779034
-4.9127077
-1.0030073
3.6425251
-6.9310492
6.0656706
1.2336734
-1.1034170
9.5070098
9.3367404
-3.3035768
3.9324652
1.0490068
0.81071468
0.055137787
1.4668400
2.5287632
-2.3827471
-3.0647280
3.3810925
-5.6261763
3.5941338
-5.8688207
1.2963963
-8.2630366
1.2601461
-6.7401892
7.8101512
2.6543987
-7.0293812
6.3841425
-3.7830548
-3.5292930
9.7831994
-6.5497434
-1.6365043
1.2980911
-9.5513950
-6.4716603
5.2624972
-3.2765902
-8.0672491
-3.9931941
-1.7207916
-2.9517125
1.4507309
2.0001784
-2.5231880
-2.0807792
0.39404629
-1.9595612
3.3064567
2.9668483
4.4941155
3.1935437
3.7294700
-3.2187599
3.6470878
7.1577214
-2.6611300
6.0296169
8.5229842
3.5248655
3.5097514
-6.3050588
7.8148672
1.9598417
3.0034270
-1.7079722
1.2967579
-7.2709687
-2.6422311
-1.4772566
7.7271251
-4.6481327
6.9217863
-3.8377141
-5.7322171
1.1841363
-5.0211192
-1.1066568
4.7860898
1.2789845
6.0244332
-6.5104038
1.1844600
9.0863619
8.2642812
-7.7889724
-9.5786078
3.4397940
1.5218667
5.8516356
7.0393512
-1.0415091
1.7790462
-3.4201000
-0.035347631
-4.9098142
-1.2687381
1.8144186
7.2299377
-7.1092776
2.5372029
7.2571475
1.5805021
2.0967998
-1.8184764
5.2565034
-1.5727591
-2.4421019
6.1494938
-6.8457166
-4.6366260
-9.4498883
-7.1059395
2.8157427
3.4169104
6.7857933
-7.6187648
2.2175093
-3.7044745
3.1633282
-5.9279631
1.6707872
5.2414872
-4.4576455
-2.1680592
0.55245626
-2.1727562
-4.2537740
-8.9959466
-1.1909743
7.0588782
-4.3483509
-8.3194326
1.3987898
5.0678452
8.1310009
-3.0774553
-1.3744759
1.8774852
5.0629585
1.6056264
1.9649144
2.0228999
7.0802189
-1.5579713
-2.0423038
1.4749065
1.5047570
-1.6545339
-8.0855486
-5.5721021
-3.6297295
2.2641174
9.4604468
-2.2835266
1.2232994
1.7247727
1.4356950
-2.2186260
1.3327762
-1.2004114
-2.3497183
4.4801289
-5.5192330
3.0726897
-1.6181847
-9.5458136
4.1746530
-2.7926380
-9.4002815
-1.9398216
-5.4709239
7.7283165
-1.8132358
9.8969467
8.2577256
-7.2477045
-3.4960871
9.5019180
1.2864733
-5.3222716
-7.6810943
-2.3016846
5.9012057
1.5379800
-0.40894597
-2.8264592
4.0331579
1.8541043
7.6363372
8.2248471
-7.7018670
1.3440908
2.5138384
2.0165684
-7.3072841
5.8936021
2.2946639
4.5954584
7.6197653
7.5271154
-5.4025473
1.3239943
-2.6287975
4.2606129
2.9997985
6.1826429
4.8726237
1.9109129
4.2790710
2.1645626
-2.1217526
2.1685589
-6.6687788
6.2012427
-5.7797819
1.9877730
-8.4551008
-5.9247906
-5.9189740
-2.5322285
3.1318369
8.3525153
3.3923680
-6.5883558
-5.8321833
-8.0924271
-2.0401082
-1.8463640
3.1163528
-2.1534030
5.8497636
7.9403220
-8.2538101
5.4122739
5.1840737
6.0103605
-1.1474866
-3.4506473
-1.1648389
1.3665707
-2.9492487
-1.4699978
6.5326462
-2.4222461
-4.3283749
-1.6307267
-5.2118465
3.4167795
1.9838609
9.3964482
-5.1652950
-2.8169755
-8.8821618
0.029500581
5.5760430
0.97621298
-4.7068808
0.57679581
5.9596862
7.6277202
1.0105731
5.2601691
5.2995644
-6.8137228
-7.4631167
-6.1412173
3.2836536
-6.6718963
-4.3192005
-8.1382421
-1.6808601
-1.1852908
-9.8618962
1.5042982
-6.7249478
-2.7111682
-4.4824967
-1.5625630
8.6974340
1.7132795
-1.0521631
-7.3201822
3.5456640
-2.9725174
-9.5907371
-3.0419677
-9.5433685
-4.1069585
8.1369200
1.6561022
-8.6828168
1.0109973
-1.8372490
-1.3255856
1.0211897
6.5825890
7.8087549
-1.3255295
3.4367879
5.2290790
8.0041910
-9.6256829
3.9610171
3.2404915
-1.2484221
-9.0150474
2.8820401
-3.0791237
2.4602445
5.2359931
-5.8789813
5.4504852
1.0977429
3.0941626
2.6855461
-8.7075436
-7.3770551
1.4066175
-1.3096900
-2.3631111
3.8164032
8.9593775
-4.3238165
-3.4872834
8.2437127
6.2551786
-5.7883823
-4.3383075
4.8146525
-1.8974556
2.1298398
6.6566823
-2.4443878
-9.8666245
3.4457796
8.8659854
2.8803172
-1.6942964
5.0783061
-1.4804165
8.4172106
6.1574921
2.6241042
-2.4032566
3.4431311
7.3928472
5.8047637
-1.0650303
-0.20355325
-1.4512205
4.2490090
-8.6383173
1.0941461
-6.7757446
-1.1596464
-8.6662755
-6.4627869
4.4420929
1.9831101
-4.6101473
-1.9568353
8.9682346
-3.5784912
0.33714377
-4.2161461
-7.2860030
-1.3065163
8.8683348
-5.9374881
-9.3049647
1.6343171
1.7729148
1.0214096
-4.3583980
2.3940049
-3.4268405
1.8154413
7.4497324
2.2812323
2.7350418
1.0515414
4.9015534
-1.6090848
2.7244680
-1.2597797
-5.6740013
9.8284370
1.7967620
5.0722472
4.1776441
0.12940575
2.2708312
9.6956035
-3.6393606
-3.5689862
2.5049995
7.2830474
7.3604742
-9.7392788
-2.4275647
-1.9308153
1.8356432
7.5027840
-4.1435143
2.2581428
-3.7867845
-1.6669193
5.6698785
-4.3486883
-7.4153574
5.1697800
-3.0096269
-5.6714162
9.9368625
-1.7777725
2.9052314
3.8065795
8.1386385
6.1255828
-1.3217562
8.6603693
-3.6201522
-1.4827579
-0.69555914
7.6969100
-1.8497910
1.5810808
-4.5823029
-4.8782236
1.4180002
-8.0744445
7.4547206
-6.2557599
-3.5670641
1.8047006
8.2874807
-3.5219155
2.1892873
2.6040643
-1.0114439
8.6951521
2.3609820
5.3589852
8.7371997
-4.8265675
4.7448933
-1.4063125
-0.39337740
-4.3257965
-4.5248231
-1.7424980
1.4959554
7.1060540
-2.4181031
-1.5666435
1.2591987
-5.8348023
8.5551784
1.5216341
3.0852284
-1.7329559
-1.2026083
-2.8891621
5.8321044
-6.7874423
4.9799355
-5.5292326
-8.6589279
-1.6276592
9.0572397
-3.0426743
4.4070396
-1.2768371
1.8312295
5.6275858
-5.2457690
2.7304192
-8.2419967
6.4136819
1.2368820
-0.40289358
-0.97737566
6.1023684
1.1240604
6.9863026
2.8567884
-3.2578828
6.5537697
2.4149265
6.1798051
-5.3519176
-7.4092710
8.5836716
-7.2398614
-0.41970221
5.8894239
1.4359736
-2.7636457
4.7311663
2.0758028
-1.3806611
5.6445932
-1.9227972
5.1235946
-3.0591579
-1.6668228
2.0439125
-3.2792278
-2.3154325
6.2280033
7.3889572
-0.58212703
6.8221425
-2.7186491
-4.0416995
3.1764090
-1.4941069
-0.17448003
